
## The number of loci caught by each filter.
## ipyrad API location: [assembly].stats_dfs.s7_filters

                           total_filters applied_order retained_loci
total_prefiltered_loci                 0             0        173701
filtered_by_rm_duplicates              0             0        173701
filtered_by_max_indels                 0             0        173701
filtered_by_max_SNPs                  11            11        173690
filtered_by_max_shared_het           524           524        173166
filtered_by_min_sample             74357         74357         98809
total_filtered_loci                74892         74892         98809


## The number of loci recovered for each Sample.
## ipyrad API location: [assembly].stats_dfs.s7_samples

                   sample_coverage
reference                    98809
MKM_1                        67913
MKM_11                       62558
MKM_12                       79712
MKM_13                       29404
MKM_14                       11053
MKM_15                       43264
MKM_16                       34824
MKM_17                       19497
MKM_18                       58335
MKM_2                        51406
MKM_20                       87831
MKM_23                       23189
MKM_24                       49080
MKM_25                       21023
MKM_26                       35371
MKM_3                        16128
MKM_9                        13025
PWS3186_hartwegii            62674
PWS3190_hartwegii            62661
PWS3193_hartwegii            44959


## The number of loci for which N taxa have data.
## ipyrad API location: [assembly].stats_dfs.s7_loci

    locus_coverage  sum_coverage
1                0             0
2                0             0
3                0             0
4            10282         10282
5             9984         20266
6             9632         29898
7             9304         39202
8             9034         48236
9             9129         57365
10            9191         66556
11            9030         75586
12            7596         83182
13            5986         89168
14            4183         93351
15            2706         96057
16            1524         97581
17             725         98306
18             251         98557
19             123         98680
20             129         98809
21               0         98809


The distribution of SNPs (var and pis) per locus.
## var = Number of loci with n variable sites (pis + autapomorphies)
## pis = Number of loci with n parsimony informative site (minor allele in >1 sample)
## ipyrad API location: [assembly].stats_dfs.s7_snps
## The "reference" sample is included if present unless 'exclude_reference=True'

      var  sum_var    pis  sum_pis
0   20654        0  48218        0
1   21451    21451  22460    22460
2   16320    54091  10783    44026
3   11517    88642   6133    62425
4    8133   121174   3849    77821
5    5667   149509   2517    90406
6    4024   173653   1759   100960
7    2952   194317   1149   109003
8    2216   212045    781   115251
9    1622   226643    466   119445
10   1224   238883    263   122075
11    877   248530    181   124066
12    615   255910     98   125242
13    412   261266     63   126061
14    305   265536     29   126467
15    237   269091     23   126812
16    171   271827     16   127068
17    121   273884     13   127289
18     80   275324      2   127325
19     60   276464      5   127420
20     41   277284      1   127440
21     31   277935      0   127440
22     29   278573      0   127440
23     12   278849      0   127440
24      7   279017      0   127440
25      9   279242      0   127440
26      5   279372      0   127440
27      5   279507      0   127440
28      3   279591      0   127440
29      2   279649      0   127440
30      1   279679      0   127440
31      3   279772      0   127440
32      0   279772      0   127440
33      1   279805      0   127440
34      0   279805      0   127440
35      0   279805      0   127440
36      0   279805      0   127440
37      1   279842      0   127440
38      0   279842      0   127440
39      0   279842      0   127440
40      0   279842      0   127440
41      0   279842      0   127440
42      1   279884      0   127440


## Final Sample stats summary
                   state  reads_raw  reads_passed_filter  refseq_mapped_reads  refseq_unmapped_reads  clusters_total  clusters_hidepth  hetero_est  error_est  reads_consens  loci_in_assembly
MKM_1                  7   10261435             10241938              9108964                1132974          116581             98173    0.003557   0.000985          96550             67913
MKM_11                 7   11457610             11435216              6372437                5062779          103944             85391    0.003412   0.000963          83979             62558
MKM_12                 7   14129811             14100886             13512639                 588247          145038            122375    0.004716   0.001002         119786             79712
MKM_13                 7    2324241              2319496              2106808                 212688           43026             34593    0.001617   0.000852          34281             29404
MKM_14                 7    2848000              2842901               606729                2236172           15919             12339    0.000932   0.000908          12280             11053
MKM_15                 7    3791952              3783787              3579717                 204070           67752             54517    0.002450   0.000887          53834             43264
MKM_16                 7    2857851              2852182              2702640                 149542           52167             42136    0.001879   0.000868          41745             34824
MKM_17                 7    4767517              4758503              1303979                3454524           28404             22468    0.001329   0.000912          22291             19497
MKM_18                 7    7032878              7018426              6301533                 716893           95576             78372    0.003343   0.000948          77103             58335
MKM_2                  7    5825010              5812494              5356622                 455872           82018             67620    0.002778   0.000970          66674             51406
MKM_20                 7   24010603             23962258             22953214                1009044          173611            146525    0.005865   0.001006         142651             87831
MKM_23                 7    1953230              1949461              1534871                 414590           34251             27339    0.001502   0.000897          27126             23189
MKM_24                 7    6552042              6539820              4603324                1936496           79135             64255    0.002838   0.000927          63347             49080
MKM_25                 7    1525462              1522593              1362572                 160021           30681             24537    0.001319   0.000867          24363             21023
MKM_26                 7    3684865              3677636              2822263                 855373           54009             43496    0.002060   0.000869          43020             35371
MKM_3                  7    1382097              1379329              1065539                 313790           23388             18593    0.001140   0.000861          18482             16128
MKM_9                  7    1069798              1067688               892703                 174985           18462             14693    0.001020   0.000878          14616             13025
PWS3186_hartwegii      7    4555892              4554992              3846366                 708626           90685             74945    0.004218   0.002043          73469             62674
PWS3190_hartwegii      7    4866200              4864348              4482177                 382171           93011             75715    0.004292   0.002169          74272             62661
PWS3193_hartwegii      7    2771536              2770449              2542527                 227922           66680             52132    0.002610   0.001929          51219             44959


## Alignment matrix statistics:
snps matrix size: (21, 279884), 57.92% missing sites.
sequence matrix size: (21, 13147380), 61.68% missing sites.
